3.566060175360000000e+12
1.182029578240000000e+12
4.300334366720000000e+11
1.692460810240000000e+11
7.124413644800000000e+10
3.178777804800000000e+10
1.492327424000000000e+10
7.327219200000000000e+09
3.743738112000000000e+09
1.982113152000000000e+09
1.083555968000000000e+09
6.097356160000000000e+08
3.522479680000000000e+08
2.084362400000000000e+08
1.260786880000000000e+08
7.781902400000000000e+07
4.893568400000000000e+07
3.130821000000000000e+07
2.035372800000000000e+07
1.343075700000000000e+07
8.986532000000000000e+06
6.091542500000000000e+06
4.179744750000000000e+06
2.900921000000000000e+06
2.035123500000000000e+06
1.442260125000000000e+06
1.031922750000000000e+06
7.450309375000000000e+05
5.425173125000000000e+05
3.982642500000000000e+05
2.946238437500000000e+05
2.195515625000000000e+05
1.647482656250000000e+05
1.244446250000000000e+05
9.459460937500000000e+04
7.233786718750000000e+04
5.563580078125000000e+04
4.302494140625000000e+04
3.344704296875000000e+04
2.613170312500000000e+04
2.051425390625000000e+04
1.617829687500000000e+04
1.281484375000000000e+04
1.019336230468750000e+04
8.140812011718750000e+03
6.526652832031250000e+03
5.251896972656250000e+03
4.241083496093750000e+03
3.436427246093750000e+03
2.793473388671875000e+03
2.277866699218750000e+03
1.862942626953125000e+03
1.527923339843750000e+03
1.256543823242187500e+03
1.036033203125000000e+03
8.563205566406250000e+02
7.094348754882812500e+02
5.890474853515625000e+02
4.901146545410156250e+02
4.086036987304687500e+02
3.412819519042968750e+02
2.855471496582031250e+02
2.393001403808593750e+02
2.008420715332031250e+02
1.687947692871093750e+02
1.420361022949218750e+02
1.196506805419921875e+02
1.008897399902343750e+02
8.513924407958984375e+01
7.189442443847656250e+01
6.073939895629882812e+01
5.133083724975585938e+01
4.338422012329101562e+01
3.666405868530273438e+01
3.097423934936523438e+01
2.615159797668457031e+01
2.205990409851074219e+01
1.858537292480468750e+01
1.563264179229736328e+01
1.312168025970458984e+01
1.098524475097656250e+01
9.166749954223632812e+00
7.618452072143554688e+00
6.300059795379638672e+00
5.177466392517089844e+00
4.221817493438720703e+00
3.408604860305786133e+00
2.717034339904785156e+00
2.129421472549438477e+00
1.630717873573303223e+00
1.208078742027282715e+00
8.505536913871765137e-01
5.487962365150451660e-01
2.947987914085388184e-01
8.172004669904708862e-02
-9.630394726991653442e-02
-2.443035542964935303e-01
-3.665899336338043213e-01
-4.668682217597961426e-01
-5.483193993568420410e-01
-6.136770844459533691e-01
-6.652944087982177734e-01
-7.051940560340881348e-01
-7.351170778274536133e-01
-7.565625905990600586e-01
-7.708211541175842285e-01
-7.790036201477050781e-01
-7.820667028427124023e-01
-7.808335423469543457e-01
-7.760129570960998535e-01
-7.682141661643981934e-01
-7.579613327980041504e-01
-7.457041740417480469e-01
-7.318290472030639648e-01
-7.166671156883239746e-01
-7.005016207695007324e-01
-6.835746169090270996e-01
-6.660928726196289062e-01
-6.482319235801696777e-01
-6.301410198211669922e-01
-6.119458079338073730e-01
-5.937528014183044434e-01
-5.756507515907287598e-01
-5.577136874198913574e-01
-5.400034189224243164e-01
-5.225702524185180664e-01
-5.054544210433959961e-01
-4.886887967586517334e-01
-4.722993373870849609e-01
-4.563054144382476807e-01
-4.407213330268859863e-01
-4.255576133728027344e-01
-4.108204543590545654e-01
-3.965131044387817383e-01
-3.826361000537872314e-01
-3.691878914833068848e-01
-3.561645448207855225e-01
-3.435612916946411133e-01
-3.313714563846588135e-01
-3.195877075195312500e-01
-3.082015812397003174e-01
-2.972043156623840332e-01
-2.865862548351287842e-01
-2.763375937938690186e-01
-2.664481699466705322e-01
-2.569077908992767334e-01
-2.477059662342071533e-01
-2.388322055339813232e-01
-2.302760779857635498e-01
-2.220273613929748535e-01
-2.140757590532302856e-01
-2.064112871885299683e-01
-1.990241408348083496e-01
-1.919045448303222656e-01
-1.850429475307464600e-01
-1.784302592277526855e-01
-1.720574647188186646e-01
-1.659158170223236084e-01
-1.599968969821929932e-01
-1.542923748493194580e-01
-1.487943381071090698e-01
-1.434950977563858032e-01
-1.383871585130691528e-01
-1.334633529186248779e-01
-1.287166774272918701e-01
-1.241405904293060303e-01
-1.197284907102584839e-01
-1.154741048812866211e-01
-1.113715618848800659e-01
-1.074149981141090393e-01
-1.035989746451377869e-01
-9.991797804832458496e-02
-9.636697173118591309e-02
-9.294099360704421997e-02
-8.963529020547866821e-02
-8.644522726535797119e-02
-8.336645364761352539e-02
-8.039476722478866577e-02
-7.752607017755508423e-02
-7.475649565458297729e-02
-7.208232581615447998e-02
-6.949985027313232422e-02
-6.700577586889266968e-02
-6.459660828113555908e-02
-6.226930394768714905e-02
-6.002077087759971619e-02
-5.784800276160240173e-02
-5.574825778603553772e-02
-5.371875688433647156e-02
-5.175697430968284607e-02
-4.986039176583290100e-02
-4.802655428647994995e-02
-4.625321552157402039e-02
-4.453809931874275208e-02
-4.287916049361228943e-02
-4.127428308129310608e-02
-3.972154483199119568e-02
-3.821904957294464111e-02
-3.676494583487510681e-02
-3.535755351185798645e-02
-3.399517014622688293e-02
-3.267621248960494995e-02
-3.139909729361534119e-02
-3.016235306859016418e-02
-2.896456792950630188e-02
-2.780434489250183105e-02
-2.668038383126258850e-02
-2.559139207005500793e-02
-2.453617379069328308e-02
-2.351354435086250305e-02
-2.252237871289253235e-02
-2.156157046556472778e-02
-2.063009142875671387e-02
-1.972694694995880127e-02
-1.885114610195159912e-02
-1.800176501274108887e-02
-1.717790961265563965e-02
-1.637871563434600830e-02
-1.560335326939821243e-02
-1.485103461891412735e-02
-1.412095781415700912e-02
-1.341241132467985153e-02
-1.272466499358415604e-02
-1.205703150480985641e-02
-1.140884775668382645e-02
-1.077947672456502914e-02
-1.016830373555421829e-02
-9.574742056429386139e-03
-8.998203091323375702e-03
-8.438135497272014618e-03
-7.894021458923816681e-03
-7.365328259766101837e-03
-6.851586513221263885e-03
-6.352310068905353546e-03
-5.867031402885913849e-03
-5.395314656198024750e-03
-4.936727695167064667e-03
-4.490857012569904327e-03
-4.057304002344608307e-03
-3.635675646364688873e-03
-3.225616179406642914e-03
-2.826758660376071930e-03
-2.438758499920368195e-03
-2.061274833977222443e-03
-1.693994738161563873e-03
-1.336593180894851685e-03
-9.887851774692535400e-04
-6.502661854028701782e-04
-3.207623958587646484e-04
0.000000000000000000e+00
